1)
40 		26 		80 		00 		00 		00		00 		00
0100 0000	0010 0110 	1000 0000	0000 0000	0000 0000	0000 0000	0000 0000	0000 0000
0100 0000 0010 0110 1000 0000 0000 0000 0000 0000 0000 0000 0000 0000 0000 0000
0	10000000010		0110100000000000000000000000000000000000000000000000
1^(0) *	2^(1026 - 1023)	*	(1 + 2^-2 + 2^-3 + 2^-5)

2^(3) * (1 + .25 + .125 + .03125) = 11.25


3)
40		19		00		00		00		00		00		00
0100 0000	0001 1001	0000 0000	0000 0000	0000 0000	0000 0000	0000 0000	0000 0000
0	10000000001		1001000000000000000000000000000000000000000000000000
1^(0) *	2^(1025 - 1023)	*	(1 + 2^-1 + 2^-4)

2^(2) * (1 + .5 + .0625) = 6.25

5)
11.25 * 6.25 = 70.3125

6)
70 = 1000110
	.3125
0	.625
1	.25
0	.5
1	,0

70.3125 = 1000110.0101 = 1.0001100101 * 2^(6)
6 + 1023 = 1029 = 10000000101
0100 0000	0101 0001	1001 0100	0000 0000	0000 0000	0000 0000	0000 0000	0000 0000
40 51 94 00 00 00 00 00
